qasm_bench,teleportation_n3.qasm,1,1,0,0,0,0,0,0.5,8,2,6,2,1,13,5,10,5,1,0.1
True
qasm_bench,wstate_n3.qasm,10,10,0,0,0,0,0,0,30,9,22,9,7,30,8,19,8,8,0.1
True
qasm_bench,quantumwalks_n2.qasm,15,13,0,1,0,1,0,0,11,3,7,3,4,37,9,27,9,8,0.1
True
qasm_bench,dnn_n2.qasm,114,64,34,34,4,0,12,0,226,42,154,42,54,186,44,146,44,40,0.2
True
qasm_bench,qec_en_n5.qasm,1,1,0,0,0,0,0,0.5,25,10,17,10,1,31,14,17,12,1,0.1
True
qasm_bench,basis_trotter_n4.qasm,597,0,230,562,34,1,0,0,1626,582,894,408,231,0,0,0,0,0,0.15
True
qasm_bench,toffoli_n3.qasm,7,0,0,5,0,1,1,0,18,6,12,6,5,3,0,1,0,0,0.1
True
qasm_bench,qaoa_n3.qasm,6,5,0,1,0,0,0,2.5,15,6,11,6,4,16,4,10,4,3,0.0
True
qasm_bench,basis_change_n3.qasm,35,0,3,19,5,2,9,0,53,10,37,10,11,0,0,0,0,0,0.1
True
qasm_bench,variational_n4.qasm,24,11,3,9,0,1,3,5.5,54,16,33,12,12,45,14,23,11,6,0.1
True
qasm_bench,adder_n4.qasm,8,0,0,6,0,1,1,0,23,10,11,6,2,16,6,7,5,0,0.1
True
qasm_bench,basis_test_n4.qasm,40,0,8,32,7,1,0,0,110,46,64,32,15,9,3,7,3,0,0.1
True
qasm_bench,bell_n4.qasm,7,5,1,2,0,0,0,2.5,33,7,13,4,3,30,12,18,10,2,0.1
True
qasm_bench,pea_n5.qasm,48,0,27,40,0,4,4,0,98,42,83,40,41,2,0,1,0,0,0.1
True
qasm_bench,vqe_uccsd_n4.qasm,20,14,5,5,0,1,0,19,220,88,145,87,20,59,21,35,19,7,0.1
True
qasm_bench,linearsolver_n3.qasm,2,2,0,0,0,0,0,2,19,4,11,4,2,8,2,6,2,2,0.1
True
qasm_bench,qft_n4.qasm,18,1,5,14,1,1,1,0.5,36,12,22,10,11,5,0,2,0,1,0.1
True
qasm_bench,fredkin_n3.qasm,7,0,0,5,0,1,1,0,19,8,11,8,4,2,0,1,0,0,0.1
True
qasm_bench,multiply_n13.qasm,42,0,0,35,2,1,4,0,98,40,39,23,15,22,4,4,2,0,0.2
True
qasm_bench,dnn_n8.qasm,496,272,160,160,16,0,48,0,1008,192,172,48,60,1364,566,530,327,86,0.18
True
qasm_bench,qf21_n15.qasm,163,55,86,102,4,0,2,27.5,311,115,233,112,115,132,54,30,19,10,0.13
True
qasm_bench,qaoa_n6.qasm,120,30,78,78,0,0,12,15,270,54,109,33,42,136,70,69,49,16,0.2
True
qasm_bench,multiplier_n15.qasm,252,0,73,208,24,0,20,0,574,246,255,151,91,34,11,11,9,0,0.7
True
qasm_bench,adder_n10.qasm,56,0,4,41,3,0,12,0,142,65,99,55,32,29,9,9,7,0,0.2
True
qasm_bench,sat_n11.qasm,294,126,108,108,10,0,50,0,679,252,409,204,160,578,282,348,214,101,0.8
True
qasm_bench,simon_n6.qasm,14,0,7,7,4,0,3,0,44,14,27,14,8,33,18,22,15,0,0.1
True
qasm_bench,vqe_uccsd_n6.qasm,150,78,59,71,0,1,0,162,2282,1052,1486,1046,148,383,175,227,142,52,0.9
True
qasm_bench,qpe_n9.qasm,59,21,27,35,2,1,0,10.5,123,43,89,42,43,56,20,18,11,6,0.2
True
qasm_bench,qft_n15.qasm,315,0,104,300,14,1,0,0,540,210,109,54,55,15,0,1,0,0,0.6
True
qasm_bench,vqe_uccsd_n8.qasm,616,311,275,304,0,1,0,803.5,10808,5488,7252,5446,604,1603,794,952,588,233,0.54
True
qasm_bench,ising_n10.qasm,260,126,134,134,0,0,0,0,480,90,70,20,37,432,216,245,195,42,0.4
True
tket_bench,H2_cmplt_P_sto3g.qasm,12,4,0,8,0,0,0,5,92,38,66,36,10,15,4,11,4,3,0.1
True
tket_bench,H2_cmplt_JW_sto3g.qasm,12,4,0,8,0,0,0,2,150,56,83,52,10,30,12,17,10,3,0.1
True
tket_bench,H2_cmplt_BK_sto3g.qasm,12,4,0,8,0,0,0,5,93,38,69,38,11,15,4,11,4,3,0.1
True
tket_bench,H2_cmplt_P_631g.qasm,84,82,0,2,0,0,0,96,1378,666,903,658,82,324,179,267,165,76,0.6
True
tket_bench,H2_cmplt_BK_631g.qasm,84,82,0,2,0,0,0,76,1343,630,851,615,79,327,180,272,167,76,0.6
True
tket_bench,H2_cmplt_JW_631g.qasm,84,82,0,2,0,0,0,147,1478,768,979,744,78,307,173,259,159,77,0.6
True
